OTU_id	0	1	10	11	12	13	14	15	16	17	18	19	2	20	21	22	23	24	25	26	27	28	29	3	30	31	32	33	34	35	36	37	38	39	4	40	41	42	43	44	45	46	47	48	49	5	6	7	8	9
0	1.0	0.0	0.4	0.6	0.2	0.2	0.6	0.6	0.2	0.6	0.8	0.4	1.0	0.2	0.8	0.2	0.8	0.0	0.2	0.2	0.2	0.6	1.0	0.0	0.4	0.0	0.8	0.2	0.0	0.2	1.0	0.6	0.0	0.6	0.0	0.2	0.4	1.0	0.8	1.0	0.8	0.4	1.0	0.8	0.2	1.0	0.4	0.0	0.0	0.4
1	0.0	1.0	0.6	1.0	0.8	0.2	0.8	0.0	1.0	0.2	0.6	0.0	0.6	0.6	0.2	0.6	0.2	0.8	0.0	1.0	0.4	0.6	0.8	0.4	0.2	0.4	0.2	0.6	0.0	0.8	1.0	0.2	0.0	0.4	1.0	1.0	0.0	0.4	0.6	0.6	1.0	0.4	0.8	1.0	0.6	0.4	0.6	0.0	0.2	0.2
10	0.4	0.6	1.0	0.0	0.0	0.2	0.8	0.6	0.6	0.2	1.0	0.2	1.0	0.4	0.4	1.0	1.0	0.4	0.4	0.8	0.0	1.0	0.4	0.2	0.0	0.6	1.0	1.0	0.2	0.6	1.0	1.0	0.8	0.0	1.0	0.6	0.6	0.4	0.4	0.8	0.8	0.8	0.4	0.6	1.0	0.0	0.8	1.0	0.4	0.2
11	0.6	1.0	0.0	1.0	0.0	0.0	0.6	0.4	0.6	0.2	0.6	0.4	1.0	0.2	0.2	1.0	0.6	0.4	0.8	0.2	0.0	0.2	1.0	0.2	0.6	0.2	0.6	0.6	1.0	0.4	0.8	0.4	0.8	1.0	0.6	0.2	0.4	0.8	0.8	0.0	0.6	0.8	0.2	0.8	0.6	0.0	0.2	0.4	0.8	0.4
12	0.2	0.8	0.0	0.0	1.0	0.0	1.0	0.2	1.0	0.2	0.8	0.4	0.4	0.2	0.6	0.0	0.6	0.8	0.4	0.2	0.2	0.2	0.8	0.0	0.4	1.0	0.0	0.2	1.0	0.4	1.0	0.6	0.6	0.8	0.2	0.6	0.0	0.2	0.2	0.6	0.0	0.8	0.4	0.4	0.6	0.8	0.8	0.8	0.6	1.0
13	0.2	0.2	0.2	0.0	0.0	1.0	0.2	0.0	0.0	0.2	0.4	0.8	0.8	1.0	0.2	0.4	0.8	0.6	0.8	1.0	0.2	0.2	0.8	0.4	0.6	0.2	0.2	0.8	0.0	0.2	0.6	0.4	0.6	0.0	1.0	1.0	0.4	0.2	0.0	1.0	0.4	0.2	0.0	0.8	0.2	0.2	0.6	0.8	0.6	0.6
14	0.6	0.8	0.8	0.6	1.0	0.2	1.0	0.0	0.2	0.8	0.6	0.6	0.4	0.8	0.0	0.6	0.0	1.0	0.2	0.8	0.0	0.8	0.4	0.2	0.8	0.8	0.4	1.0	1.0	0.0	0.2	1.0	0.0	0.8	0.4	1.0	0.8	0.8	0.6	0.0	0.2	0.6	1.0	1.0	0.6	1.0	0.2	0.6	0.0	0.2
15	0.6	0.0	0.6	0.4	0.2	0.0	0.0	1.0	0.4	0.2	0.4	0.6	0.8	0.6	0.8	0.0	0.8	0.4	0.6	0.0	0.0	0.2	1.0	1.0	0.0	1.0	0.8	0.4	0.2	0.8	0.4	0.0	0.2	0.4	0.6	0.6	0.8	0.4	0.6	0.8	0.6	0.4	0.8	0.8	0.4	0.2	0.8	0.2	0.0	0.4
16	0.2	1.0	0.6	0.6	1.0	0.0	0.2	0.4	1.0	0.8	0.8	0.0	0.6	0.6	1.0	0.8	1.0	0.2	1.0	0.2	0.4	0.6	0.2	0.4	1.0	0.4	0.0	1.0	0.2	0.0	0.8	0.4	0.4	1.0	0.6	0.2	0.2	0.4	1.0	0.0	0.6	0.2	0.4	0.2	0.6	0.2	0.2	0.0	0.6	1.0
17	0.6	0.2	0.2	0.2	0.2	0.2	0.8	0.2	0.8	1.0	0.2	0.4	0.2	1.0	1.0	0.6	0.2	0.8	0.6	0.6	0.4	0.8	0.0	1.0	0.8	0.0	0.2	0.4	1.0	0.0	0.8	0.8	0.4	0.8	0.6	0.6	0.0	0.2	0.4	0.8	0.4	0.4	0.2	1.0	0.6	0.2	0.4	1.0	0.4	0.8
18	0.8	0.6	1.0	0.6	0.8	0.4	0.6	0.4	0.8	0.2	1.0	0.4	0.4	0.4	0.2	0.0	0.4	0.0	1.0	0.8	0.4	0.6	1.0	0.2	0.4	0.4	0.4	0.0	1.0	0.0	0.8	0.2	0.2	0.2	0.6	0.6	1.0	0.4	0.6	0.0	0.4	1.0	0.0	0.6	0.8	0.6	0.2	0.0	0.6	0.8
19	0.4	0.0	0.2	0.4	0.4	0.8	0.6	0.6	0.0	0.4	0.4	1.0	0.2	0.4	0.2	0.4	0.8	0.8	0.0	0.4	1.0	0.4	0.6	0.0	0.6	0.8	1.0	0.2	0.0	0.6	0.4	1.0	0.4	0.0	0.6	1.0	1.0	0.4	0.2	0.0	0.0	0.8	1.0	0.6	0.0	0.4	0.0	0.2	1.0	0.0
2	1.0	0.6	1.0	1.0	0.4	0.8	0.4	0.8	0.6	0.2	0.4	0.2	1.0	0.8	0.8	1.0	0.2	0.6	1.0	0.8	1.0	1.0	1.0	0.6	0.8	0.6	0.0	0.2	0.0	0.2	0.4	1.0	0.6	1.0	0.4	0.2	0.2	0.0	0.4	0.0	0.6	0.4	0.2	0.2	1.0	0.2	0.2	0.0	0.2	0.8
20	0.2	0.6	0.4	0.2	0.2	1.0	0.8	0.6	0.6	1.0	0.4	0.4	0.8	1.0	0.0	0.4	0.6	0.4	0.4	0.8	0.4	0.4	1.0	0.2	0.2	0.0	0.4	0.2	1.0	0.6	0.6	1.0	0.4	0.4	0.4	0.8	0.6	0.2	0.4	0.2	1.0	0.4	1.0	1.0	1.0	0.4	1.0	1.0	1.0	0.6
21	0.8	0.2	0.4	0.2	0.6	0.2	0.0	0.8	1.0	1.0	0.2	0.2	0.8	0.0	1.0	0.2	0.0	0.0	0.6	0.6	0.8	0.4	0.6	1.0	0.6	0.2	0.2	1.0	0.4	0.8	0.6	0.8	0.6	0.6	0.6	0.4	1.0	0.2	0.2	0.6	0.8	1.0	0.2	0.4	0.8	1.0	0.4	0.0	0.4	1.0
22	0.2	0.6	1.0	1.0	0.0	0.4	0.6	0.0	0.8	0.6	0.0	0.4	1.0	0.4	0.2	1.0	0.2	0.8	0.6	0.8	0.6	0.4	0.2	0.4	0.8	0.8	0.4	1.0	0.6	0.0	1.0	0.4	0.6	0.8	0.6	0.0	1.0	0.8	0.6	0.2	0.8	0.2	0.2	1.0	1.0	0.8	0.4	1.0	1.0	0.2
23	0.8	0.2	1.0	0.6	0.6	0.8	0.0	0.8	1.0	0.2	0.4	0.8	0.2	0.6	0.0	0.2	1.0	0.6	0.4	0.4	0.0	0.2	0.0	0.2	0.2	0.6	0.2	0.8	1.0	0.6	0.8	0.4	0.6	0.8	1.0	0.4	0.2	0.2	0.4	0.2	0.4	1.0	1.0	0.0	0.6	1.0	0.2	0.2	0.2	0.0
24	0.0	0.8	0.4	0.4	0.8	0.6	1.0	0.4	0.2	0.8	0.0	0.8	0.6	0.4	0.0	0.8	0.6	1.0	0.6	0.4	0.8	0.2	1.0	0.2	0.6	1.0	0.0	0.4	1.0	0.4	0.4	0.4	1.0	0.4	0.4	0.0	0.2	0.6	1.0	0.6	0.0	0.4	0.4	0.2	0.4	0.4	0.8	0.6	0.4	0.0
25	0.2	0.0	0.4	0.8	0.4	0.8	0.2	0.6	1.0	0.6	1.0	0.0	1.0	0.4	0.6	0.6	0.4	0.6	1.0	0.8	0.8	0.8	0.8	1.0	0.6	0.0	0.2	1.0	0.2	0.0	0.2	1.0	0.4	0.4	0.6	0.8	0.6	0.2	0.2	1.0	0.2	0.6	0.0	1.0	0.8	0.8	1.0	0.2	0.8	0.0
26	0.2	1.0	0.8	0.2	0.2	1.0	0.8	0.0	0.2	0.6	0.8	0.4	0.8	0.8	0.6	0.8	0.4	0.4	0.8	1.0	0.4	0.8	0.6	0.6	0.6	0.8	0.8	0.0	1.0	0.2	0.8	0.4	1.0	1.0	1.0	0.4	1.0	0.6	0.8	0.4	0.2	1.0	0.6	0.0	0.6	0.6	0.6	0.2	0.8	0.6
27	0.2	0.4	0.0	0.0	0.2	0.2	0.0	0.0	0.4	0.4	0.4	1.0	1.0	0.4	0.8	0.6	0.0	0.8	0.8	0.4	1.0	0.8	1.0	0.6	0.4	0.4	1.0	0.2	0.0	0.0	1.0	0.0	0.2	0.6	1.0	0.6	0.6	0.2	0.6	0.0	0.8	0.6	0.8	1.0	0.2	0.6	0.2	0.4	1.0	0.8
28	0.6	0.6	1.0	0.2	0.2	0.2	0.8	0.2	0.6	0.8	0.6	0.4	1.0	0.4	0.4	0.4	0.2	0.2	0.8	0.8	0.8	1.0	0.8	0.4	0.8	0.2	0.2	0.2	0.8	0.2	0.4	0.6	1.0	1.0	1.0	0.6	0.4	0.0	0.4	0.2	0.2	0.4	0.2	1.0	1.0	0.6	0.8	0.8	1.0	0.4
29	1.0	0.8	0.4	1.0	0.8	0.8	0.4	1.0	0.2	0.0	1.0	0.6	1.0	1.0	0.6	0.2	0.0	1.0	0.8	0.6	1.0	0.8	1.0	0.0	0.6	0.2	0.0	0.2	0.0	0.2	0.6	0.2	0.2	0.2	0.6	0.6	0.6	0.0	0.4	0.6	0.8	0.2	0.6	0.8	0.0	1.0	0.0	0.2	0.4	1.0
3	0.0	0.4	0.2	0.2	0.0	0.4	0.2	1.0	0.4	1.0	0.2	0.0	0.6	0.2	1.0	0.4	0.2	0.2	1.0	0.6	0.6	0.4	0.0	1.0	0.6	0.2	0.4	0.2	1.0	0.2	1.0	0.6	0.6	1.0	0.2	0.8	0.2	0.4	0.4	1.0	0.8	0.6	0.8	0.4	1.0	0.4	0.4	0.6	1.0	0.6
30	0.4	0.2	0.0	0.6	0.4	0.6	0.8	0.0	1.0	0.8	0.4	0.6	0.8	0.2	0.6	0.8	0.2	0.6	0.6	0.6	0.4	0.8	0.6	0.6	1.0	0.8	0.4	1.0	0.0	0.6	1.0	0.0	0.0	0.4	0.2	0.0	0.2	0.4	1.0	0.8	0.0	0.0	0.2	1.0	1.0	0.8	0.8	1.0	0.8	0.0
31	0.0	0.4	0.6	0.2	1.0	0.2	0.8	1.0	0.4	0.0	0.4	0.8	0.6	0.0	0.2	0.8	0.6	1.0	0.0	0.8	0.4	0.2	0.2	0.2	0.8	1.0	0.0	0.0	0.4	0.8	0.4	1.0	0.6	0.8	1.0	0.0	0.2	0.4	0.2	0.4	1.0	0.4	0.0	0.4	0.2	0.0	0.0	0.8	0.8	0.4
32	0.8	0.2	1.0	0.6	0.0	0.2	0.4	0.8	0.0	0.2	0.4	1.0	0.0	0.4	0.2	0.4	0.2	0.0	0.2	0.8	1.0	0.2	0.0	0.4	0.4	0.0	1.0	0.6	0.6	0.8	0.6	0.2	1.0	0.0	0.4	0.4	0.0	0.0	0.6	0.0	0.2	0.4	1.0	0.8	0.6	0.4	0.4	0.0	1.0	0.4
33	0.2	0.6	1.0	0.6	0.2	0.8	1.0	0.4	1.0	0.4	0.0	0.2	0.2	0.2	1.0	1.0	0.8	0.4	1.0	0.0	0.2	0.2	0.2	0.2	1.0	0.0	0.6	1.0	0.8	0.0	1.0	0.0	0.2	0.2	0.4	0.6	0.2	0.8	0.0	0.2	0.2	0.8	0.4	0.2	0.4	0.4	0.0	0.8	0.2	1.0
34	0.0	0.0	0.2	1.0	1.0	0.0	1.0	0.2	0.2	1.0	1.0	0.0	0.0	1.0	0.4	0.6	1.0	1.0	0.2	1.0	0.0	0.8	0.0	1.0	0.0	0.4	0.6	0.8	1.0	0.0	0.4	0.0	1.0	0.2	0.4	0.6	0.4	0.6	1.0	0.0	0.0	0.6	1.0	0.2	0.4	0.0	0.6	0.8	0.4	0.8
35	0.2	0.8	0.6	0.4	0.4	0.2	0.0	0.8	0.0	0.0	0.0	0.6	0.2	0.6	0.8	0.0	0.6	0.4	0.0	0.2	0.0	0.2	0.2	0.2	0.6	0.8	0.8	0.0	0.0	1.0	0.0	1.0	0.0	0.8	0.4	0.4	0.8	0.2	0.6	0.8	0.0	0.4	1.0	0.4	0.0	0.6	0.6	0.8	0.2	0.0
36	1.0	1.0	1.0	0.8	1.0	0.6	0.2	0.4	0.8	0.8	0.8	0.4	0.4	0.6	0.6	1.0	0.8	0.4	0.2	0.8	1.0	0.4	0.6	1.0	1.0	0.4	0.6	1.0	0.4	0.0	1.0	1.0	0.6	0.0	1.0	0.6	0.6	0.2	0.4	0.2	0.6	0.6	0.8	1.0	0.8	0.4	0.0	0.0	0.0	0.2
37	0.6	0.2	1.0	0.4	0.6	0.4	1.0	0.0	0.4	0.8	0.2	1.0	1.0	1.0	0.8	0.4	0.4	0.4	1.0	0.4	0.0	0.6	0.2	0.6	0.0	1.0	0.2	0.0	0.0	1.0	1.0	1.0	0.0	0.2	0.2	0.8	1.0	0.0	0.4	0.6	1.0	0.2	0.4	1.0	1.0	0.6	1.0	0.2	0.8	0.4
38	0.0	0.0	0.8	0.8	0.6	0.6	0.0	0.2	0.4	0.4	0.2	0.4	0.6	0.4	0.6	0.6	0.6	1.0	0.4	1.0	0.2	1.0	0.2	0.6	0.0	0.6	1.0	0.2	1.0	0.0	0.6	0.0	1.0	1.0	0.4	1.0	0.4	0.6	0.0	1.0	0.4	0.2	0.4	0.6	1.0	0.4	0.6	0.8	0.8	0.2
39	0.6	0.4	0.0	1.0	0.8	0.0	0.8	0.4	1.0	0.8	0.2	0.0	1.0	0.4	0.6	0.8	0.8	0.4	0.4	1.0	0.6	1.0	0.2	1.0	0.4	0.8	0.0	0.2	0.2	0.8	0.0	0.2	1.0	1.0	0.0	0.2	0.6	0.6	1.0	0.0	0.2	0.6	0.0	0.6	0.8	0.0	0.8	0.4	1.0	0.2
4	0.0	1.0	1.0	0.6	0.2	1.0	0.4	0.6	0.6	0.6	0.6	0.6	0.4	0.4	0.6	0.6	1.0	0.4	0.6	1.0	1.0	1.0	0.6	0.2	0.2	1.0	0.4	0.4	0.4	0.4	1.0	0.2	0.4	0.0	1.0	0.6	0.2	1.0	0.6	0.2	1.0	0.6	0.6	1.0	0.8	0.0	0.6	0.2	0.8	0.0
40	0.2	1.0	0.6	0.2	0.6	1.0	1.0	0.6	0.2	0.6	0.6	1.0	0.2	0.8	0.4	0.0	0.4	0.0	0.8	0.4	0.6	0.6	0.6	0.8	0.0	0.0	0.4	0.6	0.6	0.4	0.6	0.8	1.0	0.2	0.6	1.0	0.8	0.2	0.0	1.0	0.0	0.0	0.6	0.2	1.0	1.0	0.2	1.0	1.0	0.4
41	0.4	0.0	0.6	0.4	0.0	0.4	0.8	0.8	0.2	0.0	1.0	1.0	0.2	0.6	1.0	1.0	0.2	0.2	0.6	1.0	0.6	0.4	0.6	0.2	0.2	0.2	0.0	0.2	0.4	0.8	0.6	1.0	0.4	0.6	0.2	0.8	1.0	0.6	0.0	1.0	0.4	1.0	0.0	0.8	0.2	0.6	0.2	0.4	0.2	0.6
42	1.0	0.4	0.4	0.8	0.2	0.2	0.8	0.4	0.4	0.2	0.4	0.4	0.0	0.2	0.2	0.8	0.2	0.6	0.2	0.6	0.2	0.0	0.0	0.4	0.4	0.4	0.0	0.8	0.6	0.2	0.2	0.0	0.6	0.6	1.0	0.2	0.6	1.0	0.4	0.8	0.4	0.8	0.6	0.8	0.2	0.4	0.0	0.6	0.0	0.0
43	0.8	0.6	0.4	0.8	0.2	0.0	0.6	0.6	1.0	0.4	0.6	0.2	0.4	0.4	0.2	0.6	0.4	1.0	0.2	0.8	0.6	0.4	0.4	0.4	1.0	0.2	0.6	0.0	1.0	0.6	0.4	0.4	0.0	1.0	0.6	0.0	0.0	0.4	1.0	0.6	0.8	0.4	0.2	0.6	1.0	0.2	0.8	0.0	0.8	1.0
44	1.0	0.6	0.8	0.0	0.6	1.0	0.0	0.8	0.0	0.8	0.0	0.0	0.0	0.2	0.6	0.2	0.2	0.6	1.0	0.4	0.0	0.2	0.6	1.0	0.8	0.4	0.0	0.2	0.0	0.8	0.2	0.6	1.0	0.0	0.2	1.0	1.0	0.8	0.6	1.0	0.6	0.6	0.8	0.0	0.0	0.2	0.6	1.0	1.0	0.4
45	0.8	1.0	0.8	0.6	0.0	0.4	0.2	0.6	0.6	0.4	0.4	0.0	0.6	1.0	0.8	0.8	0.4	0.0	0.2	0.2	0.8	0.2	0.8	0.8	0.0	1.0	0.2	0.2	0.0	0.0	0.6	1.0	0.4	0.2	1.0	0.0	0.4	0.4	0.8	0.6	1.0	0.6	0.8	0.8	1.0	1.0	0.0	0.8	0.2	0.8
46	0.4	0.4	0.8	0.8	0.8	0.2	0.6	0.4	0.2	0.4	1.0	0.8	0.4	0.4	1.0	0.2	1.0	0.4	0.6	1.0	0.6	0.4	0.2	0.6	0.0	0.4	0.4	0.8	0.6	0.4	0.6	0.2	0.2	0.6	0.6	0.0	1.0	0.8	0.4	0.6	0.6	1.0	0.0	0.8	0.4	1.0	0.4	0.8	0.0	0.2
47	1.0	0.8	0.4	0.2	0.4	0.0	1.0	0.8	0.4	0.2	0.0	1.0	0.2	1.0	0.2	0.2	1.0	0.4	0.0	0.6	0.8	0.2	0.6	0.8	0.2	0.0	1.0	0.4	1.0	1.0	0.8	0.4	0.4	0.0	0.6	0.6	0.0	0.6	0.2	0.8	0.8	0.0	1.0	0.4	0.4	0.8	0.0	0.2	0.8	0.2
48	0.8	1.0	0.6	0.8	0.4	0.8	1.0	0.8	0.2	1.0	0.6	0.6	0.2	1.0	0.4	1.0	0.0	0.2	1.0	0.0	1.0	1.0	0.8	0.4	1.0	0.4	0.8	0.2	0.2	0.4	1.0	1.0	0.6	0.6	1.0	0.2	0.8	0.8	0.6	0.0	0.8	0.8	0.4	1.0	0.8	0.4	1.0	0.2	1.0	0.8
49	0.2	0.6	1.0	0.6	0.6	0.2	0.6	0.4	0.6	0.6	0.8	0.0	1.0	1.0	0.8	1.0	0.6	0.4	0.8	0.6	0.2	1.0	0.0	1.0	1.0	0.2	0.6	0.4	0.4	0.0	0.8	1.0	1.0	0.8	0.8	1.0	0.2	0.2	1.0	0.0	1.0	0.4	0.4	0.8	1.0	1.0	0.0	0.2	0.8	1.0
5	1.0	0.4	0.0	0.0	0.8	0.2	1.0	0.2	0.2	0.2	0.6	0.4	0.2	0.4	1.0	0.8	1.0	0.4	0.8	0.6	0.6	0.6	1.0	0.4	0.8	0.0	0.4	0.4	0.0	0.6	0.4	0.6	0.4	0.0	0.0	1.0	0.6	0.4	0.2	0.2	1.0	1.0	0.8	0.4	1.0	1.0	0.8	1.0	0.8	0.8
6	0.4	0.6	0.8	0.2	0.8	0.6	0.2	0.8	0.2	0.4	0.2	0.0	0.2	1.0	0.4	0.4	0.2	0.8	1.0	0.6	0.2	0.8	0.0	0.4	0.8	0.0	0.4	0.0	0.6	0.6	0.0	1.0	0.6	0.8	0.6	0.2	0.2	0.0	0.8	0.6	0.0	0.4	0.0	1.0	0.0	0.8	1.0	0.4	0.0	1.0
7	0.0	0.0	1.0	0.4	0.8	0.8	0.6	0.2	0.0	1.0	0.0	0.2	0.0	1.0	0.0	1.0	0.2	0.6	0.2	0.2	0.4	0.8	0.2	0.6	1.0	0.8	0.0	0.8	0.8	0.8	0.0	0.2	0.8	0.4	0.2	1.0	0.4	0.6	0.0	1.0	0.8	0.8	0.2	0.2	0.2	1.0	0.4	1.0	0.2	0.2
8	0.0	0.2	0.4	0.8	0.6	0.6	0.0	0.0	0.6	0.4	0.6	1.0	0.2	1.0	0.4	1.0	0.2	0.4	0.8	0.8	1.0	1.0	0.4	1.0	0.8	0.8	1.0	0.2	0.4	0.2	0.0	0.8	0.8	1.0	0.8	1.0	0.2	0.0	0.8	1.0	0.2	0.0	0.8	1.0	0.8	0.8	0.0	0.2	1.0	0.2
9	0.4	0.2	0.2	0.4	1.0	0.6	0.2	0.4	1.0	0.8	0.8	0.0	0.8	0.6	1.0	0.2	0.0	0.0	0.0	0.6	0.8	0.4	1.0	0.6	0.0	0.4	0.4	1.0	0.8	0.0	0.2	0.4	0.2	0.2	0.0	0.4	0.6	0.0	1.0	0.4	0.8	0.2	0.2	0.8	1.0	0.8	1.0	0.2	0.2	1.0
